V 54
K 1
D 0 -254000 0 0
Y 1
U 1651000 762000 254000 0 2 3 REFDES=J?
U 1651000 508000 254000 0 2 3 DEVICE=CTB0308_2
U 1651000 254000 254000 0 2 0 PKG_TYPE=CTB03082
U 1651000 0 254000 0 2 0 Description=TERMINAL BLOCK, WIRE TO BRD, 2POS, 16AWG
U 1651000 -254000 254000 0 2 0 Datasheet Link=
U 1651000 -508000 254000 0 2 0 Height=9.1
U 1651000 -762000 254000 0 2 0 Farnell Part Number=
U 1651000 -1016000 254000 0 2 0 Farnell Price/Stock=
U 1651000 -1270000 254000 0 2 0 Manufacturer_Name=CAMDENBOSS
U 1651000 -1524000 254000 0 2 0 Manufacturer_Part_Number=CTB0308/2
U 0 0 254000 0 1 0 FORWARD_PCB=1
l 5 508000 254000 1524000 254000 1524000 -508000 508000 -508000 508000 254000
|GRPHSTL -1 -1 -1 1
P 1 0 0 508000 0 0 2 0
L 584200 0 228600 0 2 0 1 0 1
A 355600 50800 203200 0 9 3 #=1
A 0 0 9 0 3 0 PINTYPE=BI
P 2 0 -254000 508000 -254000 0 2 0
L 584200 -254000 228600 0 2 0 1 0 2
A 355600 -203200 203200 0 9 3 #=2
A 0 0 9 0 3 0 PINTYPE=BI
E
